586
609
581
593
553
572
578
568
602
538
585
592
599
578
577
547
594
547
598
596
569
560
550
591
576
574
604
582
596
605
568
579
587
581
591
583
581
571
575
582
581
570
554
570
539
568
576
576
574
570
569
598
574
558
590
596
547
587
595
577
560
578
593
566
589
584
557
562
559
584
593
567
558
544
587
576
588
599
566
578
594
594
578
600
586
569
560
594
579
584
571
574
587
568
581
569
574
568
558
560
598
587
570
581
582
596
567
591
586
581
581
591
550
593
561
559
556
560
540
576
577
562
583
604
601
583
577
544
562
571
543
585
593
597
605
579
577
578
543
572
573
604
593
557
565
579
588
568
573
553
577
565
581
597
587
622
579
568
587
588
565
585
571
563
580
574
555
591
573
585
574
598
563
573
577
561
564
544
574
616
578
563
528
593
570
602
584
577
581
556
588
608
573
549
566
571
565
597
577
602
593
586
582
576
562
562
575
579
563
556
580
564
602
610
570
576
580
607
594
568
570
586
568
596
546
576
603
575
577
567
570
559
571
614
564
569
566
575
592
583
601
603
579
584
553
594
567
600
549
582
562
577
558
592
574
592
578
577
593
572
589
571
580
590
555
586
564
575
557
601
582
554
585
561
551
566
564
552
605
586
573
582
577
573
611
588
569
579
578
575
584
575
572
584
570
558
606
571
571
575
584
587
584
559
565
607
542
586
595
609
603
572
595
610
581
590
564
568
587
545
594
614
558
583
581
577
581
596
561
593
572
580
556
579
566
583
552
551
571
561
578
562
555
540
573
575
602
579
561
564
565
586
598
555
582
546
537
556
593
559
583
597
580
594
586
556
562
572
574
576
573
596
581
595
573
558
579
582
592
561
598
583
586
599
577
584
527
563
599
592
577
550
568
579
593
567
576
585
595
569
552
543
572
580
570
571
574
564
583
586
594
579
601
584
576
547
580
583
565
555
590
588
555
591
551
559
543
591
543
583
564
576
581
586
587
592
604
577
555
580
614
581
597
590
569
578
564
579
562
553
590
579
585
571
594
570
548
571
560
563
575
577
571
586
581
558
564
568
584
543
580
572
616
556
570
574
561
605
585
572
588
577
593
602
566
588
580
597
581
595
583
555
569
572
587
571
583
586
585
607
589
564
573
574
575
575
567
575
581
586
569
567
555
576
572
552
587
567
544
578
583
538
590
559
586
588
572
543
577
553
591
567
574
574
560
599
583
591
545
598
562
567
561
588
583
573
585
566
610
585
550
564
555
582
579
585
585
569
582
585
583
587
563
579
575
576
575
580
588
564
567
577
558
611
561
578
531
588
601
595
586
594
570
571
589
586
598
563
583
588
573
592
585
569
558
586
548
582
584
589
553
562
581
592
589
566
597
561
547
564
588
590
542
570
557
568
574
574
587
590
563
600
588
575
558
571
580
599
587
560
571
573
560
551
599
582
568
582
581
583
595
598
567
594
577
555
569
580
572
569
563
560
547
583
560
570
578
580
588
578
563
592
559
572
553
591
581
567
553
595
577
593
584
585
592
561
601
573
584
571
563
564
558
566
563
597
599
576
564
584
567
580
581
576
596
572
576
584
604
554
562
555
591
551
586
592
580
596
584
585
558
561
564
587
571
573
567
599
572
559
576
569
598
564
574
581
557
579
582
582
569
583
584
564
556
562
543
586
564
593
576
590
578
589
575
575
578
594
572
528
598
588
591
531
562
558
594
583
592
592
604
582
567
550
558
584
562
590
564
577
609
560
584
594
589
557
559
570
563
590
582
563
583
583
596
593
585
593
605
574
589
566
604
590
588
574
587
571
586
570
602
566
595
585
539
608
576
537
580
553
565
575
581
597
566
565
592
554
586
568
584
573
578
581
614
568
600
594
573
579
568
553
561
584
568
594
599
575
535
550
560
583
572
567
596
588
545
578
554
570
593
573
567
554
612
568
567
568
568
575
604
581
571
591
607
573
571
589
578
597
592
593
587
579
576
581
544
598
550
560
565
581
568
576
565
585
569
572
590
581
561
566
572
558
578
592
569
572
603
584
601
568
578
553
588
560
571
569
579
578
564
560
555
578
585
586
558
576
567
590
555
584
578
592
562
563
556
572
580
605
615
585
592
579
575
571
572
576
552
580
560
553
581
585
575
576
555
585
566
562
598
604
605
579
584
573
570
572
559
568
558
561
601
567
601
587
560
568
572
565
584
546
563
586
570
573
593
563
569
560
556
581
589
553
597
558
583
575
572
600
579
574
599
546
601
588
565
559
596
588
574
602
595
573
557
567
572
587
570
579
560
580
565
595
532
565
585
578
600
566
584
589
602
550
564
582
584
582
575
583
569
578
564
593
566
570
556
579
558
568
579
565
604
562
586
600
603
548
563
575
575
551
584
582
562
564
603
585
620
611
585
575
602
550
594
595
580
565
575
580
585
578
558
607
558
566
591
544
586
572
592
576
558
564
559
592
570
580
581
593
575
571
569
592
591
578
589
609
574
560
567
562
585
557
582
577
563
590
589
587
565
574
595
555
588
574
587
566
576
563
580
584
583
533
536
548
574
575
584
566
542
580
556
561
604
571
541
577
577
589
576
566
597
616
551
579
573
597
615
572
588
582
590
584
576
562
551
572
572
518
576
578
596
566
567
565
604
572
565
562
584
573
596
592
576
571
568
566
579
540
558
578
580
614
563
586
562
563
593
560
586
564
576
586
588
560
572
582
599
587
576
590
582
580
563
584
561
582
590
568
573
575
558
573
578
552
563
569
565
546
578
544
553
570
546
577
562
571
556
552
569
586
593
578
595
591
568
562
589
583
564
561
556
579
609
596
544
597
587
567
557
586
592
596
572
547
575
549
586
598
563
572
557
552
552
572
591
575
600
586
570
575
583
560
574
592
561
548
588
568
583
567
571
561
572
572
566
580
603
585
581
571
562
573
551
590
572
565
549
587
558
588
572
567
591
585
570
586
605
590
566
567
565
594
591
582
581
596
558
588
548
575
587
585
586
573
560
569
576
591
567
529
560
566
564
571
593
574
588
537
603
565
587
603
590
545
590
600
570
577
558
584
610
548
596
566
581
572
590
540
594
577
591
576
560
609
579
574
574
577
583
577
610
565
591
554
571
588
590
580
600
574
588
581
590
578
580
594
583
565
559
555
592
592
569
575
570
598
564
557
575
540
580
572
569
549
575
535
611
538
582
564
594
581
548
579
545
587
587
585
565
565
589
574
534
585
544
593
577
611
576
575
578
568
564
560
591
568
584
594
557
585
547
596
593
583
602
537
573
551
556
592
580
603
582
585
595
596
579
572
589
552
580
584
571
571
582
598
568
578
588
586
550
588
579
571
603
578
597
594
562
582
573
596
569
586
583
557
569
562
593
558
598
558
590
573
562
585
591
567
579
582
576
593
540
594
567
560
569
564
553
598
560
569
593
562
563
573
560
620
566
588
558
562
557
590
566
550
557
569
603
551
574
601
553
570
572
593
592
589
575
568
574
547
558
582
590
567
556
567
584
568
561
579
558
584
572
557
559
592
552
559
576
576
570
573
598
566
573
565
561
563
558
559
591
580
595
581
578
585
589
558
580
606
561
576
561
588
587
560
573
566
558
553
573
577
558
562
585
564
571
564
588
587
583
572
592
579
572
569
558
573
570
577
576
578
592
560
573
529
573
560
591
573
601
565
597
560
561
576
549
558
586
555
571
595
562
555
576
582
561
567
583
576
558
597
596
557
583
576
562
593
606
567
571
576
586
594
560
564
574
582
532
575
562
591
559
580
599
551
571
564
574
561
565
597
574
595
579
556
594
560
574
577
580
585
556
578
597
591
587
579
571
541
578
591
575
568
588
593
565
588
575
538
559
597
573
577
606
567
544
558
594
589
598
557
584
579
575
563
554
584
579
611
579
567
551
581
574
596
588
591
595
560
569
602
562
589
570
583
580
577
573
551
531
611
590
565
583
564
564
605
567
584
549
576
593
585
579
582
573
561
576
591
562
579
575
583
560
582
576
563
584
584
574
574
558
563
570
550
577
611
590
600
572
595
569
593
561
568
569
552
592
591
591
573
536
583
583
574
589
575
571
593
584
607
553
567
584
560
571
591
550
589
591
549
573
570
573
576
600
593
577
573
556
590
544
601
569
561
594
584
593
562
560
589
596
611
606
553
595
574
582
590
556
548
555
585
603
536
562
556
573
564
576
579
549
575
569
587
616
565
536
553
569
587
568
560
595
592
583
552
604
560
568
552
566
604
585
588
567
548
562
574
567
594
578
548
556
579
571
577
568
548
563
570
592
570
558
578
583
561
582
569
553
580
554
583
591
590
540
540
543
559
555
560
576
601
575
579
577
577
555
584
554
563
578
562
578
603
559
563
589
549
564
575
553
549
570
545
554
592
564
581
591
574
578
567
593
571
602
551
574
580
606
558
574
598
582
556
577
577
571
580
586
591
608
547
553
591
579
574
559
584
605
596
558
590
574
567
525
594
582
561
594
562
607
571
576
581
561
581
556
556
579
555
566
579
571
578
