500000	0.000990	60.505305	52583.300000
500000	0.001157	60.841732	51159.576000
500000	0.001099	61.952632	51238.548500
500000	0.001268	78.902423	34271.380667
500000	0.000913	60.741426	51452.444000
500000	0.001553	79.283827	34196.619500
500000	0.001047	61.361037	51804.467500
500000	0.000541	46.105911	98725.954500
500000	0.001454	79.345025	34475.052000
500000	0.000943	60.229205	52371.667000
500000	0.000456	44.585094	98055.641000
500000	0.001793	79.436770	34271.380667
500000	0.000461	45.188292	98725.954500
500000	0.000327	41.216371	148868.559500
500000	0.000438	44.602691	98725.954500
500000	0.000832	58.209084	51804.467500
500000	0.000906	60.809554	51452.444000
500000	0.000935	59.767161	51804.467500
500000	0.000472	52.916958	51804.467500
500000	0.000701	53.378260	63981.613500
500000	0.000713	53.439301	63981.613500
500000	0.000707	53.232773	63981.613500
500000	0.000910	60.659701	51804.467500
500000	0.000488	52.609543	51804.467500
500000	0.000364	47.509439	63981.613500
500000	0.000364	47.590391	63981.613500
500000	0.000469	52.746305	51804.467500
500000	0.000499	48.803678	63981.613500
500000	0.000356	46.914119	63981.613500
500000	0.000186	38.471572	148868.559500
500000	0.000294	42.208347	84905.859000
500000	0.000360	46.963968	63981.613500
500000	0.000488	52.352057	51452.444000
500000	0.000302	40.312880	148868.559500
500000	0.000503	46.922840	84905.859000
500000	0.000672	56.511952	63981.613500
500000	0.000970	62.790018	51452.444000
500000	0.000656	52.833173	63981.613500
500000	0.000946	59.923783	51452.444000
500000	0.000197	38.843625	148868.559500
500000	0.000260	44.107269	84905.859000
500000	0.000317	47.868734	63981.613500
500000	0.000443	53.380995	51452.444000
500000	0.000378	42.785339	148868.559500
500000	0.000695	49.955578	84905.859000
500000	0.000873	55.470999	63981.613500
500000	0.001240	65.008435	51452.444000
500000	0.000161	39.841691	148868.559500
500000	0.000277	44.229369	84905.859000
500000	0.000291	49.273406	63981.613500
500000	0.000403	55.019613	51452.444000
500000	0.000458	52.918853	51804.467500
500000	0.000360	47.115954	63981.613500
500000	0.000527	52.511206	51804.467500
500000	0.000405	47.299799	63981.613500
500000	0.000593	54.446250	51804.467500
500000	0.000642	55.424541	51804.467500
500000	0.000401	52.089913	51804.467500
500000	0.000431	52.638246	51804.467500
50000	0.000662	5.823102	5143.802500
50000	0.000661	5.418866	5143.802500
50000	0.000670	5.375756	5143.802500
500000	0.000469	49.276945	51804.467500
500000	0.000484	49.507343	51238.548500
500000	0.000488	49.386774	51238.548500
500000	0.000482	49.487007	51238.548500
500000	0.000484	49.544052	51238.548500
50000	0.000792	5.532004	5129.275000
50000	0.000791	5.535639	5129.275000
50000	0.000782	5.531812	5129.275000
50000	0.000631	5.335233	5129.275000
50000	0.000459	5.307122	5129.275000
50000	0.000432	5.342806	5129.275000
50000	0.000434	5.443935	5129.275000
50000	0.000433	5.327816	5129.275000
50000	0.000450	5.370365	5129.275000
250000	0.000380	26.319299	25573.093500
50000	0.000735	5.515138	5129.275000
50000	0.000481	6.169649	2547.989000
50000	0.000430	4.460431	18905.675667
50000	0.000566	5.438297	5141.865667
50000	0.000568	5.411997	5141.865667
50000	0.000353	6.391911	5156.658000
1000000	0.000329	126.253276	101741.771000
1000000	0.000339	110.759319	101741.771000
1000000	0.000355	105.401354	101741.771000
1000000	0.000372	103.407185	101741.771000
1000000	0.000372	102.114642	101741.771000
1000000	0.000378	100.941872	101741.771000
1000000	0.000496	101.097024	101741.771000
1000000	0.000381	104.245844	101741.771000
1000000	0.000394	100.499712	101741.771000
500000	0.000421	53.601683	51452.444000
500000	0.000398	51.923865	51452.444000
500000	0.000392	50.096524	51452.444000
1000000	0.000409	100.644012	101741.771000
1000000	0.000490	100.132262	101741.771000
1000000	0.000348	125.026322	101741.771000
1000000	0.000341	110.041165	101741.771000
1000000	0.000365	105.195568	101741.771000
1000000	0.000366	102.837811	101741.771000
1000000	0.000375	101.341284	101741.771000
1000000	0.000381	101.010796	101741.771000
1000000	0.000382	99.912410	101741.771000
1000000	0.000392	99.653256	101741.771000
1000000	0.000395	99.241276	101741.771000
1000000	0.000402	98.956510	101741.771000
1000000	0.000400	98.680356	101741.771000
1000000	0.000422	99.143294	101741.771000
1000000	0.000418	98.445935	101741.771000
1000000	0.000428	98.443100	101741.771000
1000000	0.000409	98.214852	101741.771000
1000000	0.000417	98.275389	101741.771000
1000000	0.000336	90.220621	372524.756667
1000000	0.000348	88.439519	372524.756667
1000000	0.000355	85.887375	372524.756667
1000000	0.000370	86.922436	372524.756667
1000000	0.000374	85.039050	372524.756667
1000000	0.000366	87.023993	372524.756667
1000000	0.000377	85.486617	372524.756667
1000000	0.000403	84.294227	372524.756667
1000000	0.000391	83.096562	372524.756667
1000000	0.000421	84.076220	372524.756667
1000000	0.000384	121.758420	51799.743000
1000000	0.000391	118.035173	51799.743000
1000000	0.000416	117.664502	51799.743000
1000000	0.000411	117.002705	51799.743000
1000000	0.000412	116.915387	51799.743000
1000000	0.000427	115.803672	51799.743000
1000000	0.000430	118.174210	51799.743000
1000000	0.000457	115.738477	51799.743000
1000000	0.000455	115.033125	51799.743000
1000000	0.000530	117.544490	51799.743000
1000000	0.000459	117.005683	51775.385333
1000000	0.000429	115.837593	51775.385333
1000000	0.000463	117.662471	51596.122333
1000000	0.000489	118.451814	51594.708333
1000000	0.000469	117.500977	51594.708333
1000000	0.000239	83.768660	168700.919000
1000000	0.000250	83.097286	168700.919000
1000000	0.000245	81.941339	168700.919000
1000000	0.000253	81.976647	168700.919000
1000000	0.000250	82.050512	168700.919000
1000000	0.000253	81.992807	168700.919000
1000000	0.000487	98.534865	101741.771000
1000000	0.000558	99.024560	101741.771000
1000000	0.000990	104.671622	101741.771000
1000000	0.000362	110.525232	101741.771000
1000000	0.000526	81.889847	298555.925667
1000000	0.000447	81.315625	298194.051333
1000000	0.000580	96.665173	101741.771000
1000000	0.000464	97.672112	101741.771000
1000000	0.000556	96.819629	101741.771000
1000000	0.000463	97.009275	101741.771000
1000000	0.000421	97.257873	101293.296000
1000000	0.000428	98.309967	101293.296000
1000000	0.000428	99.943462	101293.296000
1000000	0.000482	98.573973	101293.296000
1000000	0.000402	98.518575	101293.296000
1000000	0.000432	96.711696	101293.296000
1000000	0.000452	96.568533	101293.296000
1000000	0.000488	96.642621	101293.296000
1000000	0.000489	98.010335	101293.296000
1000000	0.000496	98.165267	101293.296000
1000000	0.000492	97.090427	101293.296000
1000000	0.000498	97.327938	101293.296000
1000000	0.000604	26.767916	101265.185500
1000000	0.000580	26.740448	101265.185500
1000000	0.000619	27.014364	101293.296000
1000000	0.000592	27.487628	101293.296000
1000000	0.000577	27.073322	101293.296000
1000000	0.000577	27.515336	101293.296000
1000000	0.000534	27.678806	101293.296000
1000000	0.000561	27.116955	101293.296000
1000000	0.000557	27.080856	101293.296000
1000000	0.000558	26.985508	101293.296000
1000000	0.000525	27.267873	101293.296000
1000000	0.000751	27.133314	101293.296000
1000000	0.000481	96.853927	101293.296000
1000000	0.000473	97.954744	101293.296000
1000000	0.000527	95.901440	101293.296000
1000000	0.000545	94.819547	101293.296000
1000000	0.000568	94.500599	101741.771000
1000000	0.000589	94.804263	101741.771000
1000000	0.000382	101.957432	101741.771000
